{
 "cells": [
  {
   "cell_type": "markdown",
   "metadata": {},
   "source": [
    "# Quickstart for Classification Models"
   ]
  },
  {
   "cell_type": "markdown",
   "metadata": {},
   "source": [
    "This notebooks provides a quick introduction to documenting a model using the ValidMind developer framework. We will use sample datasets provided by the library and train a simple classification model."
   ]
  },
  {
   "cell_type": "markdown",
   "metadata": {},
   "source": [
    "## Initialize ValidMind"
   ]
  },
  {
   "cell_type": "code",
   "execution_count": 1,
   "metadata": {
    "tags": []
   },
   "outputs": [
    {
     "name": "stdout",
     "output_type": "stream",
     "text": [
      "Connected to ValidMind. Project: [Demo] 2 (clhqvlen0005b0i8h6plie0yo)\n"
     ]
    }
   ],
   "source": [
    "%load_ext dotenv\n",
    "%dotenv .env\n",
    "%matplotlib inline\n",
    "\n",
    "import validmind as vm\n",
    "import xgboost as xgb\n",
    "\n",
    "vm.init(\n",
    "  api_host = \"http://localhost:3000/api/v1/tracking\",\n",
    "  project = \"clhqvlen0005b0i8h6plie0yo\"\n",
    ")"
   ]
  },
  {
   "cell_type": "markdown",
   "metadata": {},
   "source": [
    "## Load the Demo Dataset"
   ]
  },
  {
   "cell_type": "code",
   "execution_count": 2,
   "metadata": {
    "tags": []
   },
   "outputs": [],
   "source": [
    "# You can also import taiwan_credit like this:\n",
    "from validmind.datasets.classification import taiwan_credit as demo_dataset\n",
    "# from validmind.datasets.classification import customer_churn as demo_dataset\n",
    "\n",
    "df = demo_dataset.load_data()"
   ]
  },
  {
   "cell_type": "code",
   "execution_count": 3,
   "metadata": {
    "tags": []
   },
   "outputs": [
    {
     "name": "stdout",
     "output_type": "stream",
     "text": [
      "Pandas dataset detected. Initializing VM Dataset instance...\n",
      "Inferring dataset types...\n"
     ]
    }
   ],
   "source": [
    "vm_dataset = vm.init_dataset(\n",
    "    dataset=df,\n",
    "    target_column=demo_dataset.target_column,\n",
    "    class_labels=demo_dataset.class_labels\n",
    ")"
   ]
  },
  {
   "cell_type": "markdown",
   "metadata": {},
   "source": [
    "## Run the Data Validation Test Plan"
   ]
  },
  {
   "cell_type": "code",
   "execution_count": 4,
   "metadata": {
    "tags": []
   },
   "outputs": [
    {
     "data": {
      "application/vnd.jupyter.widget-view+json": {
       "model_id": "941bc373a8df4f8db2fcceb94353d730",
       "version_major": 2,
       "version_minor": 0
      },
      "text/plain": [
       "HBox(children=(Label(value='Running test suite...'), IntProgress(value=0, max=24)))"
      ]
     },
     "metadata": {},
     "output_type": "display_data"
    },
    {
     "data": {
      "application/vnd.jupyter.widget-view+json": {
       "model_id": "637f4ec4ed8444fe9fdb55e36509f667",
       "version_major": 2,
       "version_minor": 0
      },
      "text/plain": [
       "VBox(children=(HTML(value='<h2>Test Suite Results: <i style=\"color: #DE257E\">Tabular Dataset</i></h2><hr>'), H…"
      ]
     },
     "metadata": {},
     "output_type": "display_data"
    }
   ],
   "source": [
    "tabular_suite = vm.run_test_suite(\"tabular_dataset\", dataset=vm_dataset)"
   ]
  },
  {
   "cell_type": "code",
   "execution_count": 5,
   "metadata": {},
   "outputs": [],
   "source": [
    "import plotly.figure_factory as ff"
   ]
  },
  {
   "cell_type": "code",
   "execution_count": 6,
   "metadata": {},
   "outputs": [],
   "source": [
    "corr_matrix = df.corr(numeric_only=True)"
   ]
  },
  {
   "cell_type": "code",
   "execution_count": 7,
   "metadata": {},
   "outputs": [],
   "source": [
    "colorscale = [[0, '#FFFFFF'], [1, '#DE257E']]\n",
    "\n",
    "# fig = ff.create_annotated_heatmap(\n",
    "#     z=corr_matrix.values,\n",
    "#     x=list(corr_matrix.columns),\n",
    "#     y=list(corr_matrix.index),\n",
    "#     annotation_text=corr_matrix.round(2).values,\n",
    "#     colorscale=colorscale,\n",
    "#     showscale=True)\n",
    "\n",
    "# fig.update_layout(title_text='Correlation Matrix',\n",
    "#                   title_x=0.5,\n",
    "#                   titlefont=dict(size=24))"
   ]
  },
  {
   "cell_type": "code",
   "execution_count": 8,
   "metadata": {},
   "outputs": [
    {
     "data": {
      "application/vnd.plotly.v1+json": {
       "config": {
        "plotlyServerURL": "https://plot.ly"
       },
       "data": [
        {
         "type": "heatmap",
         "x": [
          "ID",
          "LIMIT_BAL",
          "SEX",
          "EDUCATION",
          "MARRIAGE",
          "AGE",
          "PAY_0",
          "PAY_2",
          "PAY_3",
          "PAY_4",
          "PAY_5",
          "PAY_6",
          "BILL_AMT1",
          "BILL_AMT2",
          "BILL_AMT3",
          "BILL_AMT4",
          "BILL_AMT5",
          "BILL_AMT6",
          "PAY_AMT1",
          "PAY_AMT2",
          "PAY_AMT3",
          "PAY_AMT4",
          "PAY_AMT5",
          "PAY_AMT6",
          "DEFAULT"
         ],
         "y": [
          "ID",
          "LIMIT_BAL",
          "SEX",
          "EDUCATION",
          "MARRIAGE",
          "AGE",
          "PAY_0",
          "PAY_2",
          "PAY_3",
          "PAY_4",
          "PAY_5",
          "PAY_6",
          "BILL_AMT1",
          "BILL_AMT2",
          "BILL_AMT3",
          "BILL_AMT4",
          "BILL_AMT5",
          "BILL_AMT6",
          "PAY_AMT1",
          "PAY_AMT2",
          "PAY_AMT3",
          "PAY_AMT4",
          "PAY_AMT5",
          "PAY_AMT6",
          "DEFAULT"
         ],
         "z": [
          [
           1,
           0.026179157746200676,
           0.018497494176208946,
           0.03917673481156991,
           -0.029079425318771064,
           0.018677734490293255,
           -0.030574932272971513,
           -0.011214868262343643,
           -0.01849355375769933,
           -0.0027348897819592004,
           -0.022199231870021336,
           -0.020270134067212064,
           0.019388673917611145,
           0.017981897457701318,
           0.024354050018843155,
           0.040350602942506635,
           0.01670530315635218,
           0.016729618316253813,
           0.009742443464325092,
           0.008406120336439189,
           0.03915053548888941,
           0.007793129725698235,
           0.0006521877787619749,
           0.0029997807225257667,
           -0.013951954838986251
          ],
          [
           0.026179157746200676,
           1,
           0.02475523511164408,
           -0.2191606982292116,
           -0.10813941027801287,
           0.14471279755733674,
           -0.2712143321347179,
           -0.29638210099648243,
           -0.2861229539031144,
           -0.267460009639393,
           -0.2494113948241093,
           -0.23519539948542492,
           0.28542986496498995,
           0.27831436399776105,
           0.28323578358168416,
           0.29398762371598486,
           0.29556233765823164,
           0.29038895064794745,
           0.1952359152322094,
           0.17840795368370507,
           0.21016674772338803,
           0.20324241022458292,
           0.21720243239549614,
           0.21959536860441753,
           -0.1535198763935072
          ],
          [
           0.018497494176208946,
           0.02475523511164408,
           1,
           0.014231936162206107,
           -0.03138884007085218,
           -0.0908736465273919,
           -0.05764287886698678,
           -0.07077100316682232,
           -0.06609605640043047,
           -0.060173238366203696,
           -0.055063885035226384,
           -0.044007788187657874,
           -0.03364186958914916,
           -0.031183472229667317,
           -0.024563311681403167,
           -0.02187967907348509,
           -0.017005180187325976,
           -0.016733126348159072,
           -0.00024245456294142142,
           -0.0013909096590868529,
           -0.008596624911743908,
           -0.0022289715070058893,
           -0.001667161800474087,
           -0.002766022282891727,
           -0.03996057770544172
          ],
          [
           0.03917673481156991,
           -0.2191606982292116,
           0.014231936162206107,
           1,
           -0.14346434041144784,
           0.1750606614880855,
           0.10536399793532485,
           0.12156555247067018,
           0.1140249028571366,
           0.10879345615278765,
           0.09752016063019563,
           0.08231598637746822,
           0.023581180737114394,
           0.01874877080832243,
           0.013002400711998924,
           -0.0004513453087491106,
           -0.007566503046841711,
           -0.009098954697455372,
           -0.03745618391311648,
           -0.030038186562838978,
           -0.039943140867107346,
           -0.03821816611134147,
           -0.040358454928196924,
           -0.03719990308916937,
           0.028006077656250204
          ],
          [
           -0.029079425318771064,
           -0.10813941027801287,
           -0.03138884007085218,
           -0.14346434041144784,
           1,
           -0.41416991848813445,
           0.019917190483426727,
           0.02419906728119339,
           0.03268767333723676,
           0.03312154891405528,
           0.03562917036655554,
           0.034344765997445445,
           -0.02347180191012958,
           -0.021601779859030307,
           -0.024909451022500993,
           -0.023343846915375947,
           -0.02539339799127468,
           -0.02120682480007915,
           -0.005978999780835323,
           -0.008092702837779889,
           -0.0035413519467573816,
           -0.01265927889271911,
           -0.0012047569155652466,
           -0.006640941925653474,
           -0.024339215683404438
          ],
          [
           0.018677734490293255,
           0.14471279755733674,
           -0.0908736465273919,
           0.1750606614880855,
           -0.41416991848813445,
           1,
           -0.03944737618411981,
           -0.05014777620685522,
           -0.05304843725816334,
           -0.049721673995377226,
           -0.05382597641308578,
           -0.04877342642832421,
           0.05623853326056659,
           0.05428307435034244,
           0.053709705178660236,
           0.051353093243321435,
           0.04934504811261178,
           0.047612677990511255,
           0.026146679056989194,
           0.021784893392614194,
           0.029247353045011425,
           0.021379005615589863,
           0.02284997355855876,
           0.0194781529698698,
           0.013889834301962887
          ],
          [
           -0.030574932272971513,
           -0.2712143321347179,
           -0.05764287886698678,
           0.10536399793532485,
           0.019917190483426727,
           -0.03944737618411981,
           1,
           0.6721643825483142,
           0.5742450926204379,
           0.5388406268712334,
           0.5094260636654446,
           0.4745530860641517,
           0.18706843147380112,
           0.18985910889354435,
           0.17978528216681916,
           0.1791247706258787,
           0.18063462540120856,
           0.1769802956414379,
           -0.0792687111854195,
           -0.0701005211939387,
           -0.07056083767035479,
           -0.06400488888773119,
           -0.058189885949777295,
           -0.058673214376070426,
           0.32479372847862237
          ],
          [
           -0.011214868262343643,
           -0.29638210099648243,
           -0.07077100316682232,
           0.12156555247067018,
           0.02419906728119339,
           -0.05014777620685522,
           0.6721643825483142,
           1,
           0.7665516829341017,
           0.6620671310239591,
           0.6227802453768703,
           0.5755008617793054,
           0.23488652660358378,
           0.23525694274352654,
           0.22414585503162604,
           0.22223651161283825,
           0.22134837303342783,
           0.2194033512866795,
           -0.08070070981016696,
           -0.05898999903461283,
           -0.055901231300968315,
           -0.04685841151354558,
           -0.037093079770128594,
           -0.03650037552721859,
           0.2635512016721678
          ],
          [
           -0.01849355375769933,
           -0.2861229539031144,
           -0.06609605640043047,
           0.1140249028571366,
           0.03268767333723676,
           -0.05304843725816334,
           0.5742450926204379,
           0.7665516829341017,
           1,
           0.7773588733012726,
           0.6867745109947853,
           0.6326835927184455,
           0.20847288868976013,
           0.23729453440292753,
           0.2274943266955615,
           0.22720228070078952,
           0.22514519307202235,
           0.2223267374363066,
           0.0012948143319480216,
           -0.06679339566551329,
           -0.05331077958610196,
           -0.04606653388796151,
           -0.03586307056136118,
           -0.035861083718773175,
           0.23525251372491712
          ],
          [
           -0.0027348897819592004,
           -0.267460009639393,
           -0.060173238366203696,
           0.10879345615278765,
           0.03312154891405528,
           -0.049721673995377226,
           0.5388406268712334,
           0.6620671310239591,
           0.7773588733012726,
           1,
           0.8198353114868158,
           0.7164494815807845,
           0.20281206938744922,
           0.2258163160680882,
           0.24498313796206864,
           0.2459172041984382,
           0.24290205842488452,
           0.2391541296058393,
           -0.009362135754402232,
           -0.001943656607903994,
           -0.0692352035676869,
           -0.04346142965539442,
           -0.033589534748121486,
           -0.026565087967650867,
           0.21661363684242388
          ],
          [
           -0.022199231870021336,
           -0.2494113948241093,
           -0.055063885035226384,
           0.09752016063019563,
           0.03562917036655554,
           -0.05382597641308578,
           0.5094260636654446,
           0.6227802453768703,
           0.6867745109947853,
           0.8198353114868158,
           1,
           0.8169001604176753,
           0.2066839642440959,
           0.22691326699152847,
           0.24333468092023638,
           0.271915006998107,
           0.2697830901511351,
           0.26250925166841726,
           -0.006088757138842231,
           -0.003191332307052815,
           0.009062362681555539,
           -0.05829886530946838,
           -0.03333650421280087,
           -0.023027450987595774,
           0.2041489138761645
          ],
          [
           -0.020270134067212064,
           -0.23519539948542492,
           -0.044007788187657874,
           0.08231598637746822,
           0.034344765997445445,
           -0.04877342642832421,
           0.4745530860641517,
           0.5755008617793054,
           0.6326835927184455,
           0.7164494815807845,
           0.8169001604176753,
           1,
           0.20737313129566123,
           0.22692443093066755,
           0.24118114604232158,
           0.2663560690339078,
           0.29089374494860704,
           0.28509099069256866,
           -0.0014962890433180716,
           -0.005223268144054586,
           0.005833774192896976,
           0.019017863282441618,
           -0.04643364107299659,
           -0.025299338462285336,
           0.18686636165354611
          ],
          [
           0.019388673917611145,
           0.28542986496498995,
           -0.03364186958914916,
           0.023581180737114394,
           -0.02347180191012958,
           0.05623853326056659,
           0.18706843147380112,
           0.23488652660358378,
           0.20847288868976013,
           0.20281206938744922,
           0.2066839642440959,
           0.20737313129566123,
           1,
           0.9514836727518136,
           0.8922785291271761,
           0.8602721890293095,
           0.8297786058330013,
           0.8026501885528455,
           0.14027727757532418,
           0.0993550349727683,
           0.15688713847568506,
           0.15830253328354005,
           0.16702571208291594,
           0.17934112200688435,
           -0.019644197143221562
          ],
          [
           0.017981897457701318,
           0.27831436399776105,
           -0.031183472229667317,
           0.01874877080832243,
           -0.021601779859030307,
           0.05428307435034244,
           0.18985910889354435,
           0.23525694274352654,
           0.23729453440292753,
           0.2258163160680882,
           0.22691326699152847,
           0.22692443093066755,
           0.9514836727518136,
           1,
           0.9283262592714855,
           0.8924822912577209,
           0.859778307271445,
           0.8315935591018213,
           0.28036535701409987,
           0.10085087751752875,
           0.1507181937016751,
           0.14739810422001154,
           0.1579574116239642,
           0.17425616563434326,
           -0.014193218088215756
          ],
          [
           0.024354050018843155,
           0.28323578358168416,
           -0.024563311681403167,
           0.013002400711998924,
           -0.024909451022500993,
           0.053709705178660236,
           0.17978528216681916,
           0.22414585503162604,
           0.2274943266955615,
           0.24498313796206864,
           0.24333468092023638,
           0.24118114604232158,
           0.8922785291271761,
           0.9283262592714855,
           1,
           0.9239694565909823,
           0.8839096973620155,
           0.8533200905940468,
           0.24433523760815992,
           0.3169359771796906,
           0.1300111816244208,
           0.14340460499244426,
           0.17971235040649314,
           0.18232596615205338,
           -0.014075518043214726
          ],
          [
           0.040350602942506635,
           0.29398762371598486,
           -0.02187967907348509,
           -0.0004513453087491106,
           -0.023343846915375947,
           0.051353093243321435,
           0.1791247706258787,
           0.22223651161283825,
           0.22720228070078952,
           0.2459172041984382,
           0.271915006998107,
           0.2663560690339078,
           0.8602721890293095,
           0.8924822912577209,
           0.9239694565909823,
           1,
           0.9401344040880004,
           0.9009409547978421,
           0.23301185215343712,
           0.20756372904207548,
           0.3000225291116479,
           0.13019140778780797,
           0.16043303762900443,
           0.1776369941867446,
           -0.010156495880289674
          ],
          [
           0.01670530315635218,
           0.29556233765823164,
           -0.017005180187325976,
           -0.007566503046841711,
           -0.02539339799127468,
           0.04934504811261178,
           0.18063462540120856,
           0.22134837303342783,
           0.22514519307202235,
           0.24290205842488452,
           0.2697830901511351,
           0.29089374494860704,
           0.8297786058330013,
           0.859778307271445,
           0.8839096973620155,
           0.9401344040880004,
           1,
           0.9461968070521957,
           0.2170308237780502,
           0.1812464910522769,
           0.25230486173062916,
           0.2931184631844312,
           0.1415741799596068,
           0.16418445035361773,
           -0.006760463841014779
          ],
          [
           0.016729618316253813,
           0.29038895064794745,
           -0.016733126348159072,
           -0.009098954697455372,
           -0.02120682480007915,
           0.047612677990511255,
           0.1769802956414379,
           0.2194033512866795,
           0.2223267374363066,
           0.2391541296058393,
           0.26250925166841726,
           0.28509099069256866,
           0.8026501885528455,
           0.8315935591018213,
           0.8533200905940468,
           0.9009409547978421,
           0.9461968070521957,
           1,
           0.199965006163385,
           0.1726629374180296,
           0.23376979332693368,
           0.2502368249334362,
           0.3077288895011546,
           0.11549416685164447,
           -0.005372314914815558
          ],
          [
           0.009742443464325092,
           0.1952359152322094,
           -0.00024245456294142142,
           -0.03745618391311648,
           -0.005978999780835323,
           0.026146679056989194,
           -0.0792687111854195,
           -0.08070070981016696,
           0.0012948143319480216,
           -0.009362135754402232,
           -0.006088757138842231,
           -0.0014962890433180716,
           0.14027727757532418,
           0.28036535701409987,
           0.24433523760815992,
           0.23301185215343712,
           0.2170308237780502,
           0.199965006163385,
           1,
           0.2855755286868426,
           0.2521911389524029,
           0.1995579311706798,
           0.14845927501534273,
           0.1857352554457264,
           -0.07292948777785163
          ],
          [
           0.008406120336439189,
           0.17840795368370507,
           -0.0013909096590868529,
           -0.030038186562838978,
           -0.008092702837779889,
           0.021784893392614194,
           -0.0701005211939387,
           -0.05898999903461283,
           -0.06679339566551329,
           -0.001943656607903994,
           -0.003191332307052815,
           -0.005223268144054586,
           0.0993550349727683,
           0.10085087751752875,
           0.3169359771796906,
           0.20756372904207548,
           0.1812464910522769,
           0.1726629374180296,
           0.2855755286868426,
           1,
           0.24477045029284544,
           0.1801067436456232,
           0.18090775259417008,
           0.1576339162723367,
           -0.058578706582901575
          ],
          [
           0.03915053548888941,
           0.21016674772338803,
           -0.008596624911743908,
           -0.039943140867107346,
           -0.0035413519467573816,
           0.029247353045011425,
           -0.07056083767035479,
           -0.055901231300968315,
           -0.05331077958610196,
           -0.0692352035676869,
           0.009062362681555539,
           0.005833774192896976,
           0.15688713847568506,
           0.1507181937016751,
           0.1300111816244208,
           0.3000225291116479,
           0.25230486173062916,
           0.23376979332693368,
           0.2521911389524029,
           0.24477045029284544,
           1,
           0.21632509170084377,
           0.1592137203087127,
           0.16274003329183245,
           -0.056250350990331634
          ],
          [
           0.007793129725698235,
           0.20324241022458292,
           -0.0022289715070058893,
           -0.03821816611134147,
           -0.01265927889271911,
           0.021379005615589863,
           -0.06400488888773119,
           -0.04685841151354558,
           -0.04606653388796151,
           -0.04346142965539442,
           -0.05829886530946838,
           0.019017863282441618,
           0.15830253328354005,
           0.14739810422001154,
           0.14340460499244426,
           0.13019140778780797,
           0.2931184631844312,
           0.2502368249334362,
           0.1995579311706798,
           0.1801067436456232,
           0.21632509170084377,
           1,
           0.15183043582617883,
           0.15783391560137267,
           -0.05682740089288691
          ],
          [
           0.0006521877787619749,
           0.21720243239549614,
           -0.001667161800474087,
           -0.040358454928196924,
           -0.0012047569155652466,
           0.02284997355855876,
           -0.058189885949777295,
           -0.037093079770128594,
           -0.03586307056136118,
           -0.033589534748121486,
           -0.03333650421280087,
           -0.04643364107299659,
           0.16702571208291594,
           0.1579574116239642,
           0.17971235040649314,
           0.16043303762900443,
           0.1415741799596068,
           0.3077288895011546,
           0.14845927501534273,
           0.18090775259417008,
           0.1592137203087127,
           0.15183043582617883,
           1,
           0.15489552525961545,
           -0.05512351562108876
          ],
          [
           0.0029997807225257667,
           0.21959536860441753,
           -0.002766022282891727,
           -0.03719990308916937,
           -0.006640941925653474,
           0.0194781529698698,
           -0.058673214376070426,
           -0.03650037552721859,
           -0.035861083718773175,
           -0.026565087967650867,
           -0.023027450987595774,
           -0.025299338462285336,
           0.17934112200688435,
           0.17425616563434326,
           0.18232596615205338,
           0.1776369941867446,
           0.16418445035361773,
           0.11549416685164447,
           0.1857352554457264,
           0.1576339162723367,
           0.16274003329183245,
           0.15783391560137267,
           0.15489552525961545,
           1,
           -0.05318334032612796
          ],
          [
           -0.013951954838986251,
           -0.1535198763935072,
           -0.03996057770544172,
           0.028006077656250204,
           -0.024339215683404438,
           0.013889834301962887,
           0.32479372847862237,
           0.2635512016721678,
           0.23525251372491712,
           0.21661363684242388,
           0.2041489138761645,
           0.18686636165354611,
           -0.019644197143221562,
           -0.014193218088215756,
           -0.014075518043214726,
           -0.010156495880289674,
           -0.006760463841014779,
           -0.005372314914815558,
           -0.07292948777785163,
           -0.058578706582901575,
           -0.056250350990331634,
           -0.05682740089288691,
           -0.05512351562108876,
           -0.05318334032612796,
           1
          ]
         ]
        }
       ],
       "layout": {
        "annotations": [
         {
          "font": {
           "color": "white"
          },
          "showarrow": false,
          "text": "1.0",
          "x": "ID",
          "y": "ID"
         },
         {
          "font": {
           "color": "white"
          },
          "showarrow": false,
          "text": "0.03",
          "x": "LIMIT_BAL",
          "y": "ID"
         },
         {
          "font": {
           "color": "white"
          },
          "showarrow": false,
          "text": "0.02",
          "x": "SEX",
          "y": "ID"
         },
         {
          "font": {
           "color": "white"
          },
          "showarrow": false,
          "text": "0.04",
          "x": "EDUCATION",
          "y": "ID"
         },
         {
          "font": {
           "color": "white"
          },
          "showarrow": false,
          "text": "-0.03",
          "x": "MARRIAGE",
          "y": "ID"
         },
         {
          "font": {
           "color": "white"
          },
          "showarrow": false,
          "text": "0.02",
          "x": "AGE",
          "y": "ID"
         },
         {
          "font": {
           "color": "white"
          },
          "showarrow": false,
          "text": "-0.03",
          "x": "PAY_0",
          "y": "ID"
         },
         {
          "font": {
           "color": "white"
          },
          "showarrow": false,
          "text": "-0.01",
          "x": "PAY_2",
          "y": "ID"
         },
         {
          "font": {
           "color": "white"
          },
          "showarrow": false,
          "text": "-0.02",
          "x": "PAY_3",
          "y": "ID"
         },
         {
          "font": {
           "color": "white"
          },
          "showarrow": false,
          "text": "-0.0",
          "x": "PAY_4",
          "y": "ID"
         },
         {
          "font": {
           "color": "white"
          },
          "showarrow": false,
          "text": "-0.02",
          "x": "PAY_5",
          "y": "ID"
         },
         {
          "font": {
           "color": "white"
          },
          "showarrow": false,
          "text": "-0.02",
          "x": "PAY_6",
          "y": "ID"
         },
         {
          "font": {
           "color": "white"
          },
          "showarrow": false,
          "text": "0.02",
          "x": "BILL_AMT1",
          "y": "ID"
         },
         {
          "font": {
           "color": "white"
          },
          "showarrow": false,
          "text": "0.02",
          "x": "BILL_AMT2",
          "y": "ID"
         },
         {
          "font": {
           "color": "white"
          },
          "showarrow": false,
          "text": "0.02",
          "x": "BILL_AMT3",
          "y": "ID"
         },
         {
          "font": {
           "color": "white"
          },
          "showarrow": false,
          "text": "0.04",
          "x": "BILL_AMT4",
          "y": "ID"
         },
         {
          "font": {
           "color": "white"
          },
          "showarrow": false,
          "text": "0.02",
          "x": "BILL_AMT5",
          "y": "ID"
         },
         {
          "font": {
           "color": "white"
          },
          "showarrow": false,
          "text": "0.02",
          "x": "BILL_AMT6",
          "y": "ID"
         },
         {
          "font": {
           "color": "white"
          },
          "showarrow": false,
          "text": "0.01",
          "x": "PAY_AMT1",
          "y": "ID"
         },
         {
          "font": {
           "color": "white"
          },
          "showarrow": false,
          "text": "0.01",
          "x": "PAY_AMT2",
          "y": "ID"
         },
         {
          "font": {
           "color": "white"
          },
          "showarrow": false,
          "text": "0.04",
          "x": "PAY_AMT3",
          "y": "ID"
         },
         {
          "font": {
           "color": "white"
          },
          "showarrow": false,
          "text": "0.01",
          "x": "PAY_AMT4",
          "y": "ID"
         },
         {
          "font": {
           "color": "white"
          },
          "showarrow": false,
          "text": "0.0",
          "x": "PAY_AMT5",
          "y": "ID"
         },
         {
          "font": {
           "color": "white"
          },
          "showarrow": false,
          "text": "0.0",
          "x": "PAY_AMT6",
          "y": "ID"
         },
         {
          "font": {
           "color": "white"
          },
          "showarrow": false,
          "text": "-0.01",
          "x": "DEFAULT",
          "y": "ID"
         },
         {
          "font": {
           "color": "white"
          },
          "showarrow": false,
          "text": "0.03",
          "x": "ID",
          "y": "LIMIT_BAL"
         },
         {
          "font": {
           "color": "white"
          },
          "showarrow": false,
          "text": "1.0",
          "x": "LIMIT_BAL",
          "y": "LIMIT_BAL"
         },
         {
          "font": {
           "color": "white"
          },
          "showarrow": false,
          "text": "0.02",
          "x": "SEX",
          "y": "LIMIT_BAL"
         },
         {
          "font": {
           "color": "white"
          },
          "showarrow": false,
          "text": "-0.22",
          "x": "EDUCATION",
          "y": "LIMIT_BAL"
         },
         {
          "font": {
           "color": "white"
          },
          "showarrow": false,
          "text": "-0.11",
          "x": "MARRIAGE",
          "y": "LIMIT_BAL"
         },
         {
          "font": {
           "color": "white"
          },
          "showarrow": false,
          "text": "0.14",
          "x": "AGE",
          "y": "LIMIT_BAL"
         },
         {
          "font": {
           "color": "white"
          },
          "showarrow": false,
          "text": "-0.27",
          "x": "PAY_0",
          "y": "LIMIT_BAL"
         },
         {
          "font": {
           "color": "white"
          },
          "showarrow": false,
          "text": "-0.3",
          "x": "PAY_2",
          "y": "LIMIT_BAL"
         },
         {
          "font": {
           "color": "white"
          },
          "showarrow": false,
          "text": "-0.29",
          "x": "PAY_3",
          "y": "LIMIT_BAL"
         },
         {
          "font": {
           "color": "white"
          },
          "showarrow": false,
          "text": "-0.27",
          "x": "PAY_4",
          "y": "LIMIT_BAL"
         },
         {
          "font": {
           "color": "white"
          },
          "showarrow": false,
          "text": "-0.25",
          "x": "PAY_5",
          "y": "LIMIT_BAL"
         },
         {
          "font": {
           "color": "white"
          },
          "showarrow": false,
          "text": "-0.24",
          "x": "PAY_6",
          "y": "LIMIT_BAL"
         },
         {
          "font": {
           "color": "white"
          },
          "showarrow": false,
          "text": "0.29",
          "x": "BILL_AMT1",
          "y": "LIMIT_BAL"
         },
         {
          "font": {
           "color": "white"
          },
          "showarrow": false,
          "text": "0.28",
          "x": "BILL_AMT2",
          "y": "LIMIT_BAL"
         },
         {
          "font": {
           "color": "white"
          },
          "showarrow": false,
          "text": "0.28",
          "x": "BILL_AMT3",
          "y": "LIMIT_BAL"
         },
         {
          "font": {
           "color": "white"
          },
          "showarrow": false,
          "text": "0.29",
          "x": "BILL_AMT4",
          "y": "LIMIT_BAL"
         },
         {
          "font": {
           "color": "white"
          },
          "showarrow": false,
          "text": "0.3",
          "x": "BILL_AMT5",
          "y": "LIMIT_BAL"
         },
         {
          "font": {
           "color": "white"
          },
          "showarrow": false,
          "text": "0.29",
          "x": "BILL_AMT6",
          "y": "LIMIT_BAL"
         },
         {
          "font": {
           "color": "white"
          },
          "showarrow": false,
          "text": "0.2",
          "x": "PAY_AMT1",
          "y": "LIMIT_BAL"
         },
         {
          "font": {
           "color": "white"
          },
          "showarrow": false,
          "text": "0.18",
          "x": "PAY_AMT2",
          "y": "LIMIT_BAL"
         },
         {
          "font": {
           "color": "white"
          },
          "showarrow": false,
          "text": "0.21",
          "x": "PAY_AMT3",
          "y": "LIMIT_BAL"
         },
         {
          "font": {
           "color": "white"
          },
          "showarrow": false,
          "text": "0.2",
          "x": "PAY_AMT4",
          "y": "LIMIT_BAL"
         },
         {
          "font": {
           "color": "white"
          },
          "showarrow": false,
          "text": "0.22",
          "x": "PAY_AMT5",
          "y": "LIMIT_BAL"
         },
         {
          "font": {
           "color": "white"
          },
          "showarrow": false,
          "text": "0.22",
          "x": "PAY_AMT6",
          "y": "LIMIT_BAL"
         },
         {
          "font": {
           "color": "white"
          },
          "showarrow": false,
          "text": "-0.15",
          "x": "DEFAULT",
          "y": "LIMIT_BAL"
         },
         {
          "font": {
           "color": "white"
          },
          "showarrow": false,
          "text": "0.02",
          "x": "ID",
          "y": "SEX"
         },
         {
          "font": {
           "color": "white"
          },
          "showarrow": false,
          "text": "0.02",
          "x": "LIMIT_BAL",
          "y": "SEX"
         },
         {
          "font": {
           "color": "white"
          },
          "showarrow": false,
          "text": "1.0",
          "x": "SEX",
          "y": "SEX"
         },
         {
          "font": {
           "color": "white"
          },
          "showarrow": false,
          "text": "0.01",
          "x": "EDUCATION",
          "y": "SEX"
         },
         {
          "font": {
           "color": "white"
          },
          "showarrow": false,
          "text": "-0.03",
          "x": "MARRIAGE",
          "y": "SEX"
         },
         {
          "font": {
           "color": "white"
          },
          "showarrow": false,
          "text": "-0.09",
          "x": "AGE",
          "y": "SEX"
         },
         {
          "font": {
           "color": "white"
          },
          "showarrow": false,
          "text": "-0.06",
          "x": "PAY_0",
          "y": "SEX"
         },
         {
          "font": {
           "color": "white"
          },
          "showarrow": false,
          "text": "-0.07",
          "x": "PAY_2",
          "y": "SEX"
         },
         {
          "font": {
           "color": "white"
          },
          "showarrow": false,
          "text": "-0.07",
          "x": "PAY_3",
          "y": "SEX"
         },
         {
          "font": {
           "color": "white"
          },
          "showarrow": false,
          "text": "-0.06",
          "x": "PAY_4",
          "y": "SEX"
         },
         {
          "font": {
           "color": "white"
          },
          "showarrow": false,
          "text": "-0.06",
          "x": "PAY_5",
          "y": "SEX"
         },
         {
          "font": {
           "color": "white"
          },
          "showarrow": false,
          "text": "-0.04",
          "x": "PAY_6",
          "y": "SEX"
         },
         {
          "font": {
           "color": "white"
          },
          "showarrow": false,
          "text": "-0.03",
          "x": "BILL_AMT1",
          "y": "SEX"
         },
         {
          "font": {
           "color": "white"
          },
          "showarrow": false,
          "text": "-0.03",
          "x": "BILL_AMT2",
          "y": "SEX"
         },
         {
          "font": {
           "color": "white"
          },
          "showarrow": false,
          "text": "-0.02",
          "x": "BILL_AMT3",
          "y": "SEX"
         },
         {
          "font": {
           "color": "white"
          },
          "showarrow": false,
          "text": "-0.02",
          "x": "BILL_AMT4",
          "y": "SEX"
         },
         {
          "font": {
           "color": "white"
          },
          "showarrow": false,
          "text": "-0.02",
          "x": "BILL_AMT5",
          "y": "SEX"
         },
         {
          "font": {
           "color": "white"
          },
          "showarrow": false,
          "text": "-0.02",
          "x": "BILL_AMT6",
          "y": "SEX"
         },
         {
          "font": {
           "color": "white"
          },
          "showarrow": false,
          "text": "-0.0",
          "x": "PAY_AMT1",
          "y": "SEX"
         },
         {
          "font": {
           "color": "white"
          },
          "showarrow": false,
          "text": "-0.0",
          "x": "PAY_AMT2",
          "y": "SEX"
         },
         {
          "font": {
           "color": "white"
          },
          "showarrow": false,
          "text": "-0.01",
          "x": "PAY_AMT3",
          "y": "SEX"
         },
         {
          "font": {
           "color": "white"
          },
          "showarrow": false,
          "text": "-0.0",
          "x": "PAY_AMT4",
          "y": "SEX"
         },
         {
          "font": {
           "color": "white"
          },
          "showarrow": false,
          "text": "-0.0",
          "x": "PAY_AMT5",
          "y": "SEX"
         },
         {
          "font": {
           "color": "white"
